<!-- Generated by pkgdown: do not edit by hand -->
<!DOCTYPE html>
<html>
  <head>
  <meta charset="utf-8">
<meta http-equiv="X-UA-Compatible" content="IE=edge">
<meta name="viewport" content="width=device-width, initial-scale=1.0">

<title>Efeito do Espaçamento na Produtividade de Laranjeira
 — BarbinEx17 • labestData</title>

<!-- jquery -->
<script src="https://code.jquery.com/jquery-3.1.0.min.js" integrity="sha384-nrOSfDHtoPMzJHjVTdCopGqIqeYETSXhZDFyniQ8ZHcVy08QesyHcnOUpMpqnmWq" crossorigin="anonymous"></script>
<!-- Bootstrap -->

<link href="https://maxcdn.bootstrapcdn.com/bootstrap/3.3.7/css/bootstrap.min.css" rel="stylesheet" integrity="sha384-BVYiiSIFeK1dGmJRAkycuHAHRg32OmUcww7on3RYdg4Va+PmSTsz/K68vbdEjh4u" crossorigin="anonymous">
<script src="https://maxcdn.bootstrapcdn.com/bootstrap/3.3.7/js/bootstrap.min.js" integrity="sha384-Tc5IQib027qvyjSMfHjOMaLkfuWVxZxUPnCJA7l2mCWNIpG9mGCD8wGNIcPD7Txa" crossorigin="anonymous"></script>

<!-- Font Awesome icons -->
<link href="https://maxcdn.bootstrapcdn.com/font-awesome/4.6.3/css/font-awesome.min.css" rel="stylesheet" integrity="sha384-T8Gy5hrqNKT+hzMclPo118YTQO6cYprQmhrYwIiQ/3axmI1hQomh7Ud2hPOy8SP1" crossorigin="anonymous">


<!-- pkgdown -->
<link href="../pkgdown.css" rel="stylesheet">
<script src="../jquery.sticky-kit.min.js"></script>
<script src="../pkgdown.js"></script>

<!-- mathjax -->
<script src='https://cdn.mathjax.org/mathjax/latest/MathJax.js?config=TeX-AMS-MML_HTMLorMML'></script>

<!--[if lt IE 9]>
<script src="https://oss.maxcdn.com/html5shiv/3.7.3/html5shiv.min.js"></script>
<script src="https://oss.maxcdn.com/respond/1.4.2/respond.min.js"></script>
<![endif]-->
  </head>

  <body>
    <div class="container template-reference-topic">
      <header>
      <div class="navbar navbar-default navbar-fixed-top" role="navigation">
  <div class="container">
    <div class="navbar-header">
      <button type="button" class="navbar-toggle collapsed" data-toggle="collapse" data-target="#navbar">
        <span class="icon-bar"></span>
        <span class="icon-bar"></span>
        <span class="icon-bar"></span>
      </button>
      <a class="navbar-brand" href="../index.html">labestData</a>
    </div>
    <div id="navbar" class="navbar-collapse collapse">
      <ul class="nav navbar-nav">
        
      </ul>
      
      <ul class="nav navbar-nav navbar-right">
        <li>
  <a href="../articles/index.html">Vinhetas</a>
</li>
<li>
  <a href="../reference/index.html">Datasets</a>
</li>
<li>
  <a href="../reference/index.html">Funções</a>
</li>
      </ul>
    </div><!--/.nav-collapse -->
  </div><!--/.container -->
</div><!--/.navbar -->

      
      </header>

      <div class="row">
  <div class="col-md-9 contents">
    <div class="page-header">
    <h1>Efeito do Espaçamento na Produtividade de Laranjeira
</h1>
    </div>

    
    <p>Dados de produtividade de laranja, em kg por planta, de
    um ensaio em blocos casualizados estudando o efeito do
    espaçamento de plantio de laranjeira Valência (clone novo) sobre
    trifoliata realizado na Estação Experimental de Limeira
    (IAC, SP). As colheitas foram obtidas em 5 anos consecutivos,
    portanto, trata-se de um estudo longitudinal.</p>
    

        
    <h2 class="hasAnchor" id="format"><a class="anchor" href="#format"></a>Format</h2>

    <p>Um <code>data.frame</code> com 100 observações e 4 variáveis, em
    que</p>
    <p><dl class='dl-horizontal'></p>
    <p><dt><code>ano</code></dt><dd>Ano da colheita do pomar.</dd></p>
    <p><dt><code>bloc</code></dt><dd>Fator categórico que identifica os blocos do
    experimento.</dd></p>
    <p><dt><code>espac</code></dt><dd>Fator categórico que representa os espaçamentos
    (m) utilizados para plantio das plantas.</dd></p>
    <p><dt><code>prod</code></dt><dd>Produtividade de laranja, em kg por planta (média
    de duas plantas por parcela).</dd></p>
    <p></dl></p>
    
    <h2 class="hasAnchor" id="source"><a class="anchor" href="#source"></a>Source</h2>

    <p>BARBIN (2013), Exercício 17, pág. 209.</p>
    

    <h2 class="hasAnchor" id="examples"><a class="anchor" href="#examples"></a>Examples</h2>
    <pre class="examples"><div class='input'>
<span class='fu'>library</span>(<span class='no'>lattice</span>)

<span class='fu'>data</span>(<span class='no'>BarbinEx17</span>)</div><div class='output co'>#&gt; <span class='warning'>Warning: data set ‘BarbinEx17’ not found</span></div><div class='input'>
<span class='fu'>str</span>(<span class='no'>BarbinEx17</span>)</div><div class='output co'>#&gt; &#39;data.frame&#39;:	100 obs. of  4 variables:
#&gt;  $ ano  : int  1975 1975 1975 1975 1975 1976 1976 1976 1976 1976 ...
#&gt;  $ bloc : Factor w/ 4 levels &quot;I&quot;,&quot;II&quot;,&quot;III&quot;,..: 1 1 1 1 1 1 1 1 1 1 ...
#&gt;  $ espac: Factor w/ 5 levels &quot;6x2&quot;,&quot;6x3&quot;,&quot;6x4&quot;,..: 1 2 3 4 5 1 2 3 4 5 ...
#&gt;  $ prod : num  9 4.25 7 5.5 4.05 ...</div><div class='input'>
<span class='fu'>with</span>(<span class='no'>BarbinEx17</span>,
     <span class='fu'>addmargins</span>(<span class='fu'>tapply</span>(<span class='no'>prod</span>, <span class='fu'>list</span>(<span class='no'>espac</span>, <span class='no'>bloc</span>, <span class='no'>ano</span>), <span class='kw'>FUN</span> <span class='kw'>=</span> <span class='no'>sum</span>)))</div><div class='output co'>#&gt; , , 1975
#&gt; 
#&gt;         I    II  III    IV    Sum
#&gt; 6x2  9.00  5.25  8.7  3.50  26.45
#&gt; 6x3  4.25  2.25  2.6  7.35  16.45
#&gt; 6x4  7.00  5.10  8.0  3.85  23.95
#&gt; 6x5  5.50  4.80  3.3  6.45  20.05
#&gt; 6x6  4.05  3.85  9.5  3.75  21.15
#&gt; Sum 29.80 21.25 32.1 24.90 108.05
#&gt; 
#&gt; , , 1976
#&gt; 
#&gt;         I    II   III    IV    Sum
#&gt; 6x2 18.25 21.80 20.40 20.25  80.70
#&gt; 6x3 16.30 11.15 12.35 24.10  63.90
#&gt; 6x4 21.40 17.55 19.15 18.35  76.45
#&gt; 6x5 17.05 13.35 15.10 18.90  64.40
#&gt; 6x6 19.30 14.15 24.30 13.25  71.00
#&gt; Sum 92.30 78.00 91.30 94.85 356.45
#&gt; 
#&gt; , , 1977
#&gt; 
#&gt;          I     II    III    IV    Sum
#&gt; 6x2  32.50  16.65  22.70  8.75  80.60
#&gt; 6x3  23.05  26.10  21.95 25.60  96.70
#&gt; 6x4  18.05  23.30  27.55 26.80  95.70
#&gt; 6x5  22.05  21.25  16.25 15.30  74.85
#&gt; 6x6  28.15  28.55  29.10 18.50 104.30
#&gt; Sum 123.80 115.85 117.55 94.95 452.15
#&gt; 
#&gt; , , 1978
#&gt; 
#&gt;          I     II    III     IV     Sum
#&gt; 6x2  48.90  56.75  48.20  68.40  222.25
#&gt; 6x3  55.35  41.85  47.15  54.35  198.70
#&gt; 6x4  60.60  57.70  61.20  53.05  232.55
#&gt; 6x5  51.80  59.45  48.05  58.45  217.75
#&gt; 6x6  70.50  58.55  67.00  49.35  245.40
#&gt; Sum 287.15 274.30 271.60 283.60 1116.65
#&gt; 
#&gt; , , 1979
#&gt; 
#&gt;          I     II    III    IV    Sum
#&gt; 6x2  12.00  23.15  26.35 19.15  80.65
#&gt; 6x3  35.35  24.25  36.75 19.75 116.10
#&gt; 6x4  17.75  25.00  35.00 21.75  99.50
#&gt; 6x5  34.00  11.90  32.00  8.50  86.40
#&gt; 6x6  27.50  29.85  22.50 22.75 102.60
#&gt; Sum 126.60 114.15 152.60 91.90 485.25
#&gt; 
#&gt; , , Sum
#&gt; 
#&gt;          I     II    III     IV     Sum
#&gt; 6x2 120.65 123.60 126.35 120.05  490.65
#&gt; 6x3 134.30 105.60 120.80 131.15  491.85
#&gt; 6x4 124.80 128.65 150.90 123.80  528.15
#&gt; 6x5 130.40 110.75 114.70 107.60  463.45
#&gt; 6x6 149.50 134.95 152.40 107.60  544.45
#&gt; Sum 659.65 603.55 665.15 590.20 2518.55
#&gt; </div><div class='input'>
<span class='fu'>xyplot</span>(<span class='no'>prod</span> ~ <span class='no'>espac</span> <span class='kw'>|</span> <span class='fu'>as.factor</span>(<span class='no'>ano</span>), <span class='kw'>groups</span> <span class='kw'>=</span> <span class='no'>bloc</span>,
       <span class='kw'>data</span> <span class='kw'>=</span> <span class='no'>BarbinEx17</span>, <span class='kw'>type</span> <span class='kw'>=</span> <span class='fu'>c</span>(<span class='st'>"p"</span>, <span class='st'>"a"</span>), <span class='kw'>as.table</span> <span class='kw'>=</span> <span class='fl'>TRUE</span>,
       <span class='kw'>xlab</span> <span class='kw'>=</span> <span class='st'>"Espaçamento de plantio (m x m)"</span>,
       <span class='kw'>ylab</span> <span class='kw'>=</span> <span class='st'>"Produtividade de laranja (kg/planta)"</span>,
       <span class='kw'>auto.key</span> <span class='kw'>=</span> <span class='fu'>list</span>(<span class='kw'>columns</span> <span class='kw'>=</span> <span class='fl'>2</span>, <span class='kw'>cex.title</span> <span class='kw'>=</span> <span class='fl'>1</span>,
                       <span class='kw'>title</span> <span class='kw'>=</span> <span class='st'>"Blocos"</span>))</div><img src='BarbinEx17-8.png' alt='' width='540' height='400' /><div class='input'>
<span class='fu'>xyplot</span>(<span class='no'>prod</span> ~ <span class='no'>ano</span>, <span class='kw'>groups</span> <span class='kw'>=</span> <span class='no'>espac</span>,
       <span class='kw'>data</span> <span class='kw'>=</span> <span class='no'>BarbinEx17</span>, <span class='kw'>type</span> <span class='kw'>=</span> <span class='fu'>c</span>(<span class='st'>"p"</span>, <span class='st'>"a"</span>),
       <span class='kw'>xlab</span> <span class='kw'>=</span> <span class='st'>"Ano da colheita"</span>,
       <span class='kw'>ylab</span> <span class='kw'>=</span> <span class='st'>"Produtividade de laranja (kg/planta)"</span>,
       <span class='kw'>auto.key</span> <span class='kw'>=</span> <span class='fu'>list</span>(<span class='kw'>corner</span> <span class='kw'>=</span> <span class='fu'>c</span>(<span class='fl'>0.05</span>, <span class='fl'>0.95</span>),
                       <span class='kw'>columns</span> <span class='kw'>=</span> <span class='fl'>2</span>, <span class='kw'>cex.title</span> <span class='kw'>=</span> <span class='fl'>1</span>,
                       <span class='kw'>title</span> <span class='kw'>=</span> <span class='st'>"Espaçamentos (m x m)"</span>))</div><img src='BarbinEx17-10.png' alt='' width='540' height='400' /><div class='input'>
</div></pre>
  </div>
  <div class="col-md-3 hidden-xs hidden-sm" id="sidebar">
    <h2>Contents</h2>
    <ul class="nav nav-pills nav-stacked">
      
      <li><a href="#format">Format</a></li>

      <li><a href="#source">Source</a></li>
      
      <li><a href="#examples">Examples</a></li>
    </ul>

  </div>
</div>

      <footer>
      <div class="copyright">
  <p>Developed by PET Estatística UFPR.</p>
</div>

<div class="pkgdown">
  <p>Site built with <a href="http://hadley.github.io/pkgdown/">pkgdown</a>.</p>
</div>

      </footer>
   </div>

  </body>
</html>
